3
44
7
20
26
49
16
38
40
24
6
24
41
11
20
34
37
17
13
15
45
35
19
20
6
15
25
31
20
27
20
35
47
41
19
25
34
1
45
26
19
4
19
7
15
19
31
15
40
9
49
4
11
40
5
33
26
45
4
11
5
10
6
49
18
20
14
42
46
31
49
38
39
45
2
32
9
4
50
19
36
40
47
12
11
31
36
31
10
49
38
33
35
27
19
6
36
48
47
15
50
40
25
20
29
22
18
45
44
21
4
16
48
7
9
35
7
25
48
48
43
48
19
44
35
18
20
34
12
42
7
2
4
33
6
48
4
13
44
34
41
25
16
46
34
48
39
35
37
20
3
49
43
13
46
29
14
40
39
21
44
25
15
49
6
13
25
34
34
17
28
49
15
33
13
3
35
19
6
44
14
38
36
17
22
6
42
16
35
33
15
39
48
27
11
25
14
20
7
7
5
40
5
31
9
32
1
30
22
23
49
28
23
20
1
45
24
16
20
7
2
18
38
3
3
18
50
29
9
7
30
7
28
23
9
24
43
22
23
46
32
21
34
26
44
27
13
28
32
45
7
45
13
29
3
31
12
23
10
17
18
6
15
1
32
33
34
4
5
45
33
5
4
38
49
28
43
10
22
7
50
44
7
21
39
34
50
7
21
10
44
8
37
16
46
16
33
9
23
13
31
28
9
46
43
32
5
26
27
8
14
8
8
1
46
6
20
29
6
31
19
27
7
39
20
38
31
1
24
8
26
5
15
47
18
4
30
1
9
31
9
10
48
14
19
23
24
25
19
19
42
47
10
3
30
33
36
8
19
3
42
32
7
46
23
36
6
44
21
3
35
35
36
5
41
35
4
31
7
5
41
33
10
26
25
35
7
37
38
18
18
18
35
9
42
18
8
31
38
45
33
49
20
24
5
36
42
23
41
41
2
14
15
4
28
47
21
23
36
29
35
35
38
32
24
19
46
35
41
42
33
5
19
2
22
15
25
9
9
12
34
28
39
13
25
43
20
22
42
38
4
32
50
45
30
32
43
11
19
23
6
31
6
36
24
2
5
17
43
32
21
33
11
21
14
8
39
12
23
41
5
22
15
13
38
12
41
8
50
26
31
25
37
18
8
26
6
24
47
3